7894;7860;7850;7890;7971;8042;8089;8162;8217;8226;
3263;3256;3210;3145;3088;3047;3041;3037;3031;2999;
7892;7871;7840;7822;7839;7876;7874;7861;7870;7927;8072;8230;8272;
2885;2897;2895;2852;2804;2746;2678;2600;2553;2525;2522;2541;2570;
7892;7867;7964;8060;8088;8167;8262;8325;8440;8464;8475;
2885;2964;3059;3046;3041;3047;3045;3008;2921;2855;2829;
7090;7097;7164;7276;7486;7686;7806;7893;
2942;2967;2984;3026;3043;2988;2932;2886;
8281;8287;8299;8301;8287;8244;8147;8097;8078;8125;8182;8281;8298;8311;8313;
2045;2051;2056;2069;2087;2096;2129;2187;2251;2326;2375;2423;2433;2453;2464;
8215;8204;8194;8170;8137;8073;8026;7971;7948;7943;
1989;1996;2007;2008;2003;1998;2004;2001;1986;1966;
7942;7953;7983;8028;8062;8070;8046;
1972;1979;1980;1963;1918;1868;1845;
8225;8236;8267;8328;8361;8394;8464;8481;8455;
2999;3016;3015;2975;2902;2845;2801;2755;2710;
8495;8526;8589;8643;8680;8699;8727;8759;8779;8778;
2980;2956;2950;2936;2871;2790;2673;2617;2562;2511;
8605;8594;8604;8655;8717;8743;8765;8777;
2584;2598;2623;2640;2623;2588;2544;2512;
8455;8503;8547;8570;8574;8603;
2710;2710;2682;2633;2600;2584;
8846;8879;8868;8837;8824;8809;8778;
2969;2905;2810;2750;2648;2574;2512;
8475;8474;8518;8619;8728;8832;8917;8988;9028;9035;
2830;2848;2881;2892;2885;2889;2857;2795;2768;2750;
8330;8362;8418;8460;8475;
2834;2837;2847;2845;2831;
8845;8796;8736;8701;8656;8608;8546;8524;8523;8505;8470;8455;
2560;2564;2577;2593;2621;2627;2641;2675;2702;2719;2715;2710;
9090;9145;9222;9268;9310;
2979;2970;2927;2874;2827;
8762;8730;8713;8649;8528;8432;8330;
2810;2816;2789;2776;2781;2803;2834;
8846;8874;8909;8946;8958;8962;8986;8989;
2969;2956;2955;2988;3060;3144;3178;3227;
9804;9768;9707;9596;9492;9431;9371;9297;9263;9220;9134;9090;9020;8988;
3331;3321;3281;3262;3228;3200;3200;3230;3298;3309;3281;3233;3211;3226;
9513;9509;9510;9515;9529;9554;9575;9598;9622;9631;9636;9645;9651;9665;9693;9742;9757;
3075;3052;2994;2963;2941;2921;2882;2814;2800;2795;2786;2778;2773;2769;2755;2752;2737;
9759;9764;9771;9800;9844;9905;9955;10061;10123;10169;10248;10276;10277;
2729;2725;2711;2701;2698;2676;2646;2638;2665;2686;2693;2722;2736;
9844;9856;9857;9832;9800;9764;9766;9771;9767;9759;
2365;2381;2432;2480;2518;2591;2661;2701;2720;2729;
10070;10088;10103;10142;10191;10257;10276;10276;
2468;2481;2517;2603;2634;2666;2701;2736;
9514;9523;9564;9645;9688;9717;
3075;3053;3046;3042;3022;3022;
9999;10034;10049;10039;9997;9975;9923;9866;9788;9743;9735;9724;9716;
3096;3093;3072;3054;3055;3064;3070;3084;3083;3044;3019;3015;3022;
10064;10058;10064;10052;9999;
3199;3176;3143;3113;3096;
9998;10034;10051;10059;10075;10092;
3095;3098;3089;3062;3028;3025;
9310;9309;9318;9315;9335;9405;9518;9585;9640;9726;9803;
2828;2848;2910;2998;3055;3113;3149;3191;3236;3273;3331;
9310;9299;9271;9250;9227;9224;
2827;2823;2790;2718;2678;2627;
9103;9105;9125;9199;9290;9359;9395;9444;9491;9500;9507;9502;9499;
2918;2961;2978;2997;2975;2984;3013;3050;3044;3005;2962;2949;2930;
8997;9015;9014;9028;9036;9035;
2917;2889;2846;2818;2788;2749;
8778;8795;8826;8832;8852;8911;8933;8990;9058;9095;9098;
2512;2530;2593;2625;2658;2687;2713;2762;2806;2867;2909;
8951;8961;8998;9033;9069;9115;9159;9204;9224;
2443;2454;2480;2512;2566;2620;2639;2639;2627;
8988;9009;9044;9082;9117;9160;9228;9260;9254;9204;9166;9103;9052;9022;8995;8978;8951;
3225;3192;3159;3066;2999;2951;2862;2823;2769;2722;2668;2636;2576;2533;2517;2487;2443;
9804;9792;9800;9851;9883;9904;
3330;3285;3225;3146;3067;3017;
9897;9899;9916;9936;9976;10063;
3318;3306;3287;3228;3204;3199;
9167;9183;9204;9224;
2728;2716;2686;2628;
9167;9165;9139;9095;9058;9015;8978;8969;8972;8983;8994;9014;
2727;2704;2669;2652;2614;2551;2527;2500;2467;2445;2431;2421;
9804;9809;9834;9877;9923;9971;10001;10009;10025;10054;
3330;3307;3293;3289;3301;3306;3284;3253;3231;3230;
10130;10135;10126;10104;10064;10036;10005;9970;9943;9931;
3858;3838;3784;3738;3691;3618;3553;3502;3451;3401;
10130;10148;10176;10218;10253;
3858;3847;3853;3862;3860;
10375;10341;10297;10248;10181;10131;10125;10126;10132;10143;10156;10188;10258;
2661;2653;2615;2578;2535;2510;2471;2453;2447;2420;2370;2345;2316;
10056;10084;10146;10210;10301;10330;10375;
2670;2668;2695;2709;2714;2692;2660;
8846;8850;8839;8797;8706;8651;8598;8535;8472;8423;8360;8307;8272;8195;8121;8089;8078;8045;8022;7965;7894;7874;7893;
2969;2953;2936;2924;2932;2950;2957;2948;2950;2966;3005;3032;3052;3057;3047;3041;3041;3048;3078;3156;3191;3241;3262;
8056;8034;7942;7890;7862;7852;7848;7869;7893;7890;7889;7898;
3050;3059;3076;3035;2978;2938;2864;2791;2733;2672;2649;2611;
8225;8230;8254;8301;8344;8388;8458;8494;
2999;3027;3033;3013;2974;2952;2947;2980;
8875;8897;8908;8899;8879;8877;8887;8882;8872;8889;8887;8871;8875;8878;8869;8860;
1794;1782;1759;1749;1735;1721;1699;1674;1648;1593;1552;1525;1492;1448;1369;1300;
8875;8908;8941;8988;9033;9090;9159;9227;9275;9282;9259;
1793;1774;1746;1731;1729;1740;1725;1706;1716;1736;1761;
9259;9299;9304;9325;9364;9383;9449;9530;9548;
1760;1720;1667;1572;1466;1382;1306;1290;1306;
9524;9495;9460;9425;9351;9275;9237;9237;
1524;1497;1464;1459;1438;1431;1448;1476;
9237;9218;9221;9247;9265;9252;9249;9242;9238;9230;
1475;1444;1387;1366;1327;1313;1310;1309;1314;1316;
9230;9237;9242;9245;9250;9256;9268;9301;9344;9458;9539;9560;
1316;1314;1311;1309;1310;1314;1314;1308;1291;1279;1277;1243;
8371;8386;8412;8450;8505;8530;8550;8575;8630;8674;8709;8738;8782;8833;8869;8904;8930;8954;8963;8967;8961;
1994;1994;1997;1982;1961;1927;1881;1821;1776;1715;1623;1528;1495;1453;1454;1478;1546;1605;1619;1634;1649;
9260;9278;9274;9248;9204;9198;9237;
1760;1728;1694;1634;1558;1490;1475;
9259;9293;9318;9331;9346;9371;9395;9437;9472;9515;9523;
1760;1737;1704;1644;1574;1506;1473;1459;1460;1503;1524;
9547;9553;9604;9656;9721;9770;9805;9824;
1304;1286;1272;1278;1265;1251;1260;1263;
9393;9371;9339;9306;9287;9289;9283;9260;9210;9192;9184;9168;9137;9067;9033;8985;8964;8960;
1172;1166;1180;1211;1241;1277;1355;1391;1450;1483;1536;1602;1641;1670;1694;1690;1675;1662;
9547;9553;9560;9559;
1305;1277;1258;1244;
9523;9523;9509;9491;9487;9478;9468;9469;9497;9547;
1524;1493;1461;1406;1381;1363;1348;1322;1302;1305;
8605;8601;8587;8575;8577;8622;8694;8793;8840;8861;8860;
1234;1254;1267;1317;1378;1452;1472;1445;1388;1340;1300;
8874;8911;8943;9042;9065;9111;9172;9230;9302;9377;
1793;1766;1739;1698;1677;1660;1630;1586;1556;1541;
9392;9359;9335;9364;9438;9495;9478;
1170;1133;1043;983;934;853;781;
9824;9794;9769;9738;9679;9624;9581;9546;9481;9410;9331;9265;9215;9197;9165;9122;9081;8979;8960;
1262;1260;1254;1246;1238;1246;1263;1282;1286;1290;1309;1371;1465;1580;1639;1692;1719;1705;1662;
8498;8474;8450;8455;8424;8383;8360;8310;8293;8249;8210;8191;
2007;1995;1936;1880;1847;1830;1774;1722;1664;1609;1609;1625;
7942;7929;7875;7825;7812;7811;7836;7845;7873;7913;7952;7966;
1972;2005;2012;1997;1960;1892;1828;1774;1741;1702;1685;1690;
8190;8206;8245;8314;8423;8458;8522;8568;8598;8604;
1625;1614;1610;1587;1499;1419;1361;1282;1253;1234;
8604;8595;8566;8494;8343;8225;7986;7651;7451;7256;7205;7223;7277;
1234;1250;1249;1237;1167;1075;1033;1032;1055;1013;954;926;928;
8244;8276;8279;8251;8193;8140;8040;7984;7952;7976;8014;8063;8093;8084;8066;8045;
1518;1502;1451;1399;1378;1381;1356;1392;1506;1586;1660;1690;1748;1820;1847;1846;
8271;8269;8258;8228;8205;8176;8183;
2569;2540;2507;2458;2356;2318;2280;
8271;8261;8235;8213;8189;8166;8119;8102;8112;8190;8282;8374;8415;8427;8410;8393;8370;
2569;2544;2488;2459;2390;2335;2299;2256;2203;2143;2114;2092;2040;1995;1987;1992;1994;
8370;8400;8427;8486;8497;
1994;1993;1986;1992;2007;
8497;8506;8523;8551;8569;8594;8638;8694;8787;
2007;1976;1955;1928;1862;1833;1814;1798;1803;
8786;8772;8748;8731;8716;8718;8744;8786;8840;8861;8860;
1803;1797;1759;1718;1623;1548;1474;1427;1381;1325;1300;
8332;8338;8346;8366;8388;8451;8544;8608;8648;8697;8763;8786;
1815;1822;1827;1837;1843;1843;1824;1803;1779;1770;1794;1803;
9040;9049;9040;9008;8960;8932;8906;8892;8860;8841;8830;8829;
1799;1783;1753;1726;1735;1750;1750;1739;1735;1717;1698;1689;
9233;9225;9222;9206;9181;9131;9056;8953;8942;8892;8818;8719;8605;8553;8549;8559;8599;8604;
422;416;408;393;376;384;441;544;634;767;872;945;1031;1120;1215;1255;1253;1234;
8567;8542;8501;8456;8426;8409;8351;8310;8296;8286;8281;
1920;1914;1916;1946;2014;2037;2072;2061;2054;2051;2044;
7922;7903;7864;7852;7844;7867;7921;7979;8015;8057;8117;8173;8200;8214;
2727;2723;2680;2642;2559;2516;2427;2291;2115;2055;2012;2009;2000;1988;
8244;8281;8349;8413;8548;8641;8714;8755;8811;8857;8860;
1518;1523;1503;1443;1426;1455;1460;1443;1398;1364;1300;
8026;8007;7974;7933;7877;7838;7780;7641;7548;
2989;3030;3117;3160;3184;3234;3289;3352;3494;
10269;10284;10310;10362;10395;10442;10478;10469;10448;
4225;4207;4201;4226;4285;4322;4392;4427;4445;
10447;10483;10508;10539;10540;
4445;4433;4399;4359;4301;
10539;10532;10550;10559;10540;
4504;4477;4442;4371;4302;
10252;10241;10247;10275;10322;10352;10382;10428;10476;10533;10540;
3859;3870;3915;3961;4023;4091;4201;4290;4322;4314;4302;
10605;10645;10711;10770;10818;10864;10891;10852;10787;10668;10569;10448;
4910;4911;4876;4792;4672;4591;4481;4403;4397;4418;4433;4445;
10253;10249;10257;10277;10340;10416;10463;10508;10619;10604;
5376;5360;5333;5303;5272;5216;5150;5084;4995;4910;
10489;10447;10416;10400;10397;10368;10335;10274;10256;10254;
6014;5978;5904;5804;5689;5513;5446;5407;5396;5381;
10281;10315;10409;10556;10690;10817;10846;10811;10753;
5266;5310;5382;5430;5555;5660;5789;5991;6018;
11068;11045;10994;10917;10846;10792;10712;
3579;3613;3617;3586;3542;3474;3402;
10712;10735;10759;10808;10787;
3402;3443;3507;3556;3589;
10786;10805;10841;10878;10958;11029;11068;
3588;3582;3586;3617;3629;3625;3580;
11189;11176;11133;11114;11113;11092;11074;11067;
3747;3711;3693;3655;3610;3589;3591;3580;
11604;11574;11463;11329;11236;11188;
3680;3711;3713;3701;3705;3747;
11188;11198;11223;11281;11361;11379;
3746;3713;3691;3683;3684;3661;
11883;11870;11851;11799;11692;11603;11438;11334;11218;11117;10981;
3855;3871;3918;3945;3914;3851;3815;3865;4016;4118;4092;
10541;10659;10807;10960;10982;
4302;4302;4266;4191;4092;
12076;12011;11890;11736;11514;11101;10798;10448;
4496;4516;4451;4346;4289;4263;4309;4445;
12060;12030;11993;11963;11930;11895;11869;11866;11882;
4444;4431;4380;4311;4207;4133;4002;3893;3856;
11604;11616;11690;11786;11803;
3680;3772;3890;3922;3899;
11802;11823;11845;11862;11877;11902;11927;11944;11964;11995;12030;12075;
3899;3932;3982;4039;4113;4182;4230;4287;4352;4408;4450;4496;
10045;10087;10177;10237;10297;10362;10362;10363;10336;10316;10324;10281;
6116;6138;6121;6047;5973;5895;5761;5608;5531;5389;5311;5266;
10045;10091;10131;10223;10363;10489;
6116;6116;6080;6033;6025;6014;
9244;9200;9192;9243;9336;9420;9524;9632;9709;9780;9841;9922;9978;10004;10051;10112;10122;10046;
6945;6946;6966;7023;7043;7006;6983;6966;6918;6842;6775;6656;6556;6467;6423;6336;6218;6116;
8511;8479;8409;8336;8261;
4719;4745;4766;4802;4797;
8939;8894;8797;8743;8700;8664;8600;8580;8589;
5347;5321;5218;5107;5022;4924;4833;4774;4747;
13156;13149;13130;13033;12785;12477;12140;12052;12075;
4569;4581;4601;4641;4687;4761;4671;4528;4496;
13101;13086;13092;13072;13085;13074;13109;13138;13156;
4133;4144;4173;4288;4408;4519;4593;4605;4569;
13101;13071;13019;12964;12899;12858;12834;12794;12790;12816;
4133;4140;4171;4188;4174;4093;3982;3898;3842;3812;
12815;12785;12763;12648;12577;12507;12480;
3812;3834;3881;3898;3952;3984;3977;
12402;12399;12369;12293;12279;12276;12236;
4059;4098;4142;4187;4255;4357;4406;
12235;12218;12215;12223;12222;12238;12262;12258;12236;
4595;4575;4523;4488;4457;4445;4427;4409;4405;
12041;12033;12036;12054;12100;12166;12213;12227;12234;12245;12246;12236;
4393;4405;4448;4505;4543;4544;4498;4472;4442;4429;4413;4405;
13323;13297;13264;13197;13158;13088;13009;12956;12969;13001;
4890;4887;4852;4804;4756;4682;4668;4685;4753;4759;
12480;12496;12575;12668;12765;12831;12944;13059;13177;13251;13323;
3976;4025;4075;4185;4345;4425;4474;4580;4764;4864;4890;
7893;7853;7834;7778;7678;7583;7547;
3263;3307;3373;3422;3431;3442;3493;
13549;13546;13521;13505;13486;13432;13349;13268;13175;13146;13084;12897;12656;12377;12207;12181;12159;
5339;5326;5317;5325;5351;5358;5291;5187;5018;4953;4878;4789;4761;4736;4626;4533;4491;
13549;13559;13621;13877;14052;14162;14356;14420;14380;14388;14476;14548;
5338;5317;5302;5302;5343;5400;5417;5348;5215;5080;5060;5039;
14547;14532;14491;14481;14415;14296;14185;14171;14109;14027;13971;13943;
5039;5042;5020;4937;4886;4879;4821;4719;4617;4604;4655;4739;
13942;13906;13836;13766;13729;13667;
4739;4690;4641;4547;4393;4344;
13535;13557;13606;13695;13717;13697;13717;13769;13783;13737;
4477;4487;4476;4416;4298;4166;4060;4002;3921;3870;
13400;13380;13357;13333;13322;
4942;4945;4930;4917;4890;
13953;13926;13865;13751;13598;13469;13339;13264;13270;
5478;5499;5494;5491;5461;5422;5296;5209;5147;
13737;13824;13929;14070;14150;14134;
3870;3881;3854;3797;3720;3680;
13894;13888;13886;13875;13791;13721;13669;13581;13550;
3810;3815;3832;3862;3897;3928;3928;3922;3895;
14272;14280;14269;14243;14204;14180;14149;14152;14181;14214;14238;
3723;3757;3813;3871;3947;4048;4120;4196;4227;4228;4214;
14078;14120;14162;14162;14113;14124;14146;14184;14224;14228;14227;14203;
4830;4834;4884;4949;5107;5257;5330;5336;5309;5269;5196;5171;
14203;14221;14232;14253;14276;14339;14395;14409;14434;14494;14529;14530;14547;
5171;5182;5208;5280;5316;5341;5325;5258;5201;5168;5114;5057;5039;
13702;13690;13707;13789;13874;13947;13986;13993;13982;14015;14082;14229;14310;14347;14402;
5110;5145;5236;5332;5355;5393;5438;5470;5490;5544;5566;5582;5541;5501;5508;
14238;14211;14178;14203;14234;14277;14307;14383;14398;14397;14382;
4214;4233;4265;4308;4348;4353;4358;4382;4410;4446;4451;
10254;10257;10277;10321;10402;10568;11026;11398;12085;12560;12933;13137;13201;13240;13270;
5381;5391;5403;5406;5392;5336;5245;5198;5179;5064;5116;5124;5110;5131;5148;
13843;13884;13927;13946;13927;13828;13740;13688;13660;13598;13458;13405;13393;13400;
5406;5413;5406;5380;5319;5282;5219;5152;5070;5004;4989;4980;4958;4942;
14512;14501;14454;14390;14221;14126;14074;
2966;2969;2963;2944;2906;2888;2889;
14233;14235;14244;14262;14285;14334;14400;14451;14456;14460;14512;
3286;3293;3298;3310;3324;3320;3277;3209;3124;3004;2966;
14718;14714;14697;14667;14637;14580;14450;14332;14270;
3171;3161;3159;3165;3187;3270;3341;3358;3391;
14270;14287;14321;14328;14297;14243;14255;14323;14358;14307;14198;14074;
3391;3365;3339;3278;3217;3119;3061;3024;2967;2935;2910;2889;
14134;14144;14190;14218;14262;14319;14318;14272;
3680;3683;3682;3669;3647;3672;3707;3723;
14134;14174;14223;14291;14348;14372;14366;14374;14430;14498;14604;14632;
3680;3676;3626;3562;3469;3375;3302;3254;3214;3189;3166;3101;
14750;14762;14744;14711;14679;14647;14612;14560;14564;
3289;3313;3338;3352;3382;3469;3505;3564;3604;
14382;14403;14424;14460;
4451;4454;4468;4521;
13245;13235;13226;13240;13280;13357;13369;
4274;4321;4404;4486;4578;4665;4719;
13245;13248;13313;13351;13393;13451;13519;13626;13711;13798;14055;14190;14238;
4274;4339;4381;4460;4530;4575;4564;4516;4427;4356;4276;4244;4214;
13153;13131;13108;13088;13035;12961;12940;12982;13074;13207;
4915;4919;4904;4873;4836;4758;4690;4662;4652;4642;
13412;13427;13446;13447;13420;13409;13447;13563;13568;13535;
4939;4942;4923;4856;4796;4702;4650;4569;4504;4477;
13701;13685;13664;13630;13637;13675;13756;13835;13878;13942;
5110;5105;5072;5003;4928;4878;4834;4807;4756;4739;
12235;12286;12437;12546;12792;12921;13022;13130;13207;
4404;4401;4439;4504;4542;4540;4578;4629;4642;
12327;12344;12368;12414;12481;12494;12485;12480;
4552;4504;4444;4372;4236;4162;4069;3977;
14272;14318;14369;14418;14524;14564;
3723;3725;3683;3630;3601;3603;
14451;14460;14409;14343;14334;14342;14302;14270;
4340;4295;4217;4194;4131;4030;3980;4000;
14269;14259;14210;14122;14035;13979;13909;13888;13894;
4000;3987;3951;3874;3830;3828;3850;3831;3810;
13619;13627;13598;13571;13574;13550;
4131;4105;4060;3999;3942;3894;
13667;13689;13710;13696;13686;13619;
4344;4339;4307;4220;4160;4132;
13620;13657;13752;13879;13962;14017;14133;14151;
4131;4124;4125;4172;4257;4361;4418;4443;
14315;14329;14370;14405;14453;14532;14542;14501;14462;
5219;5165;5099;5045;4948;4844;4741;4693;4630;
14741;14716;14680;14659;14633;14601;14586;14585;14562;14564;14542;14496;14452;14437;
5053;5045;5041;5007;4926;4909;4886;4836;4698;4566;4459;4431;4422;4403;
13942;13936;13964;14013;14076;14101;14166;14239;14271;14312;14356;14351;14334;14335;
4739;4694;4607;4523;4468;4394;4380;4380;4357;4356;4381;4402;4417;4425;
14597;14588;14569;14546;14456;14395;14343;14196;14132;14063;13939;13829;13730;13581;13548;
5189;5197;5211;5252;5362;5413;5427;5423;5403;5360;5324;5309;5311;5311;5337;
14597;14586;14572;14555;14545;14580;14596;14575;14560;14539;14525;14509;14453;14380;14285;14247;14250;14269;14231;14194;14189;14238;
5189;5199;5205;5197;5170;5135;5081;5045;5016;4960;4890;4794;4721;4689;4674;4637;4567;4490;4362;4317;4255;4214;
14402;14407;14438;14454;14436;14384;14215;14144;14126;14163;
5508;5491;5473;5441;5404;5384;5369;5346;5304;5287;
13369;13392;13453;13527;13559;13535;
4718;4669;4621;4575;4521;4477;
14942;14929;14921;14912;14864;14810;14794;14769;14681;14574;14503;14345;14270;
3129;3139;3154;3194;3256;3320;3375;3396;3419;3412;3385;3368;3390;
14750;14791;14871;14932;14995;15048;15120;15200;15259;15287;15292;15321;15262;
3289;3297;3286;3264;3248;3215;3191;3172;3119;3035;2967;2874;2820;
15158;15160;15156;15153;15151;15122;15054;14969;14842;14802;14774;14780;14810;
3069;3078;3089;3101;3121;3150;3166;3211;3253;3248;3205;3191;3176;
14771;14780;14781;14776;14783;14794;14806;14811;14821;14827;14837;14855;14868;14884;14908;14921;14930;14942;
3228;3222;3214;3203;3195;3188;3172;3162;3159;3162;3163;3151;3144;3132;3129;3131;3131;3129;
14659;14652;14632;14603;14562;14521;14510;
3215;3221;3214;3211;3185;3174;3194;
14509;14500;14484;14461;14463;14452;14412;14389;14400;14400;
3194;3177;3157;3086;3006;2972;2935;2887;2820;2806;
14280;14263;14214;14230;14279;14343;14429;
2744;2779;2836;2881;2889;2875;2903;
14075;14109;14179;14199;14220;14255;14280;
2888;2879;2871;2842;2810;2781;2744;
14210;14230;14379;14465;14538;14635;14684;14780;14882;14945;14989;15028;15057;15060;15022;
3045;3079;3125;3155;3164;3128;3084;3055;3047;3022;2962;2939;2947;2968;2998;
15169;15135;15106;15106;15103;15073;15021;
2819;2823;2847;2883;2927;2960;2998;
15168;15145;15127;15123;15162;15206;15230;
2819;2812;2771;2691;2574;2569;2599;
15230;15214;15195;15206;15255;15318;15371;15452;15543;15639;15715;15810;15845;15894;15917;15909;15934;
2599;2556;2470;2429;2420;2445;2492;2482;2423;2373;2301;2177;2073;1986;1886;1792;1769;
14765;14762;14753;14747;14721;14710;14661;14645;14610;
2585;2604;2628;2673;2717;2761;2808;2839;2911;
14610;14673;14716;14757;14783;
2910;2913;3003;3039;3110;
14782;14792;14850;14911;14969;14990;15005;15029;15046;15049;15021;
3109;3071;3059;3055;3026;2984;2960;2948;2950;2971;2998;
14717;14715;14689;14654;14631;
3170;3144;3111;3120;3101;
14750;14783;14819;14846;14886;14900;14939;
3289;3286;3268;3237;3217;3199;3187;
14939;14933;14948;14973;15002;15019;15019;15010;15006;15008;
3188;3201;3210;3205;3179;3160;3139;3132;3121;3107;
15398;15364;15338;15323;15243;14969;14783;14608;14571;
4271;4235;4152;3978;3857;3750;3715;3661;3608;
15055;15062;15089;15170;15230;15265;15269;15249;15215;
3129;3144;3172;3172;3130;3056;2970;2938;2910;
15216;15260;15297;15322;15313;15297;15243;15200;15169;15128;15085;15105;15165;15204;15240;15180;
2910;2914;2885;2810;2761;2706;2699;2701;2721;2716;2651;2567;2448;2334;2231;2178;
15180;15224;15231;15240;15237;15242;15243;15242;15264;15327;15584;15851;15993;15955;15858;
2179;2157;2100;2015;1978;1953;1924;1822;1721;1633;1533;1504;1374;1299;1293;
15933;15878;15875;15931;16008;16107;16114;16138;16158;
1768;1720;1604;1500;1393;1283;1187;1135;1110;
14765;14762;14773;14852;14963;15072;15168;
2586;2609;2639;2667;2684;2780;2819;
14563;14515;14463;14404;14362;14367;14348;14312;14287;
3602;3572;3564;3537;3485;3443;3415;3420;3426;
14002;13957;13927;13954;14132;14263;14426;14548;14718;14851;14912;14960;15035;15133;15202;15320;15402;15421;15432;15436;15439;
6832;6854;6942;7029;7061;7020;6996;6929;6875;6893;6960;7064;7118;7174;7261;7307;7281;7247;7234;7226;7209;
15751;15778;15859;16014;16253;16618;16782;16889;
6953;6983;7046;7105;7213;7299;7243;7173;
16888;16848;16834;16848;16891;16900;
7172;7228;7294;7362;7413;7445;
16898;16880;16803;16737;16651;16718;
7445;7417;7373;7379;7480;7545;
16901;16896;16857;16841;16788;16752;16688;16617;16582;16584;
7454;7500;7574;7645;7719;7804;7861;7860;7828;7807;
17038;17037;17009;16988;16990;16902;16712;16695;16822;16888;
6004;6030;6052;6087;6203;6503;6752;7000;7163;7172;
15514;15451;15424;15454;15520;15537;15574;15648;15718;15774;15899;15920;15919;15918;15889;15821;15751;
5524;5611;5731;5787;5859;5925;6042;6102;6164;6242;6368;6474;6565;6666;6789;6942;6952;
15512;15453;15289;15113;14933;14798;14787;14766;14758;
5524;5539;5579;5569;5575;5611;5683;5704;5717;
14758;14743;14677;14614;14568;14554;14533;14488;14469;14443;14410;14352;14314;
5716;5711;5714;5603;5504;5445;5412;5380;5321;5256;5226;5207;5218;
14321;14299;14280;14302;14365;14448;14554;14634;14694;14744;14753;
6027;6017;5961;5887;5860;5773;5728;5712;5729;5719;5718;
15480;15492;15477;15442;15417;15418;15383;15324;15260;15245;15204;15131;15083;15091;15064;14964;14831;14685;14602;14449;14355;14279;14261;14291;14321;
5973;5940;5858;5804;5749;5689;5632;5612;5646;5760;5867;5883;5827;5728;5650;5628;5629;5668;5700;5742;5825;5887;5990;6025;6027;
14000;13930;13887;13839;13817;13877;14024;14217;14320;
6831;6784;6708;6564;6367;6197;6121;6054;6027;
11145;11096;11001;10959;10898;10818;10789;
6131;6122;6090;6004;5887;5812;5806;
10669;10724;10749;10791;10924;11178;11557;12053;12426;12983;13338;13533;
6314;6304;6252;6205;6154;6008;5908;5761;5502;5394;5430;5394;
10670;10706;10643;10455;10323;10226;10086;9983;9935;
6316;6374;6490;6526;6491;6447;6422;6439;6462;
15183;15186;15295;15410;15510;
5471;5519;5547;5526;5522;
15183;15152;15082;15014;15036;14996;14889;14793;14618;14561;14577;14597;
5471;5492;5513;5456;5372;5306;5265;5257;5272;5230;5207;5189;
15763;15755;15715;15640;15574;15501;15416;15176;15017;14964;14899;14875;14811;14763;14740;
5243;5213;5200;5222;5265;5257;5177;5091;5077;5085;5071;5024;4989;5018;5052;
15438;15438;15432;15416;15427;15497;15598;15679;15741;15782;15751;
7209;7224;7235;7253;7296;7330;7309;7261;7166;7036;6954;
15562;15565;15601;15711;15982;16374;16551;16718;
7554;7583;7606;7596;7640;7601;7555;7545;
15561;15562;15571;15533;15424;15392;15325;15179;15045;14969;15012;15076;15124;
7554;7582;7614;7657;7649;7582;7505;7353;7264;7131;7059;7047;7018;
15124;15106;15095;15104;15136;15160;15171;15201;15314;15492;15646;15860;16138;16634;16812;16891;16900;
7018;7038;7060;7071;7089;7128;7186;7310;7370;7384;7402;7398;7355;7336;7347;7384;7444;
14001;13936;13871;13653;12787;11742;10597;9817;9386;9246;9192;9206;9243;
6831;6832;6852;6916;7168;7300;7283;7348;7283;7095;7031;6955;6945;
11932;11957;12018;12132;12170;12159;
4833;4807;4708;4644;4566;4491;
10796;10827;10857;10864;10852;10892;10979;11021;11000;10936;10817;10603;
5843;5827;5774;5733;5634;5472;5376;5285;5186;5064;4986;4910;
9936;9999;10061;10125;10159;10201;10272;10332;10350;10294;
6462;6462;6446;6402;6325;6216;6098;6040;5964;5916;
9592;9601;9572;9504;9398;9306;9248;9196;9164;9183;9243;
6953;6969;7003;7030;7054;7055;7048;7013;6953;6927;6944;
9052;9018;8999;8998;9030;9102;9144;9176;9175;9243;
6272;6292;6326;6382;6510;6635;6759;6810;6880;6944;
8990;8955;8921;8915;8938;8934;8887;8861;8865;8912;8975;9052;
5518;5509;5530;5565;5637;5700;5818;5911;6014;6102;6261;6271;
8803;8781;8763;8729;8745;8778;8819;8858;8881;8920;8990;
5032;5032;5052;5115;5172;5231;5268;5318;5385;5474;5518;
8511;8512;8525;8583;8637;8771;8990;
4719;4740;4824;4987;5258;5435;5518;
8150;8163;8227;8350;8435;8527;8595;8708;8733;
4780;4808;4829;4821;4794;4788;4864;4874;4817;
8733;8741;8761;8758;8803;
4817;4863;4904;5006;5032;
8816;8808;8795;8771;8685;8636;8589;8552;8496;8445;8406;
4845;4855;4859;4843;4839;4847;4836;4788;4768;4772;4732;
9242;9199;9130;8951;8680;8009;7437;7034;6571;6413;6279;6209;
6944;6922;6876;6795;6771;6859;6759;6494;6447;6400;6363;6259;
6209;6253;6327;6461;6546;6732;7021;7298;7590;7666;7921;8329;8483;8510;
6259;6284;6306;6296;6219;6119;6059;5947;5704;5450;5252;5038;4862;4719;
5473;5484;5530;5558;5629;5692;5757;5781;5818;5864;5929;5999;6019;6067;6191;6209;
6940;6940;6957;6985;7022;7022;6986;6931;6855;6796;6725;6601;6473;6377;6323;6259;
8846;8845;8864;8909;8968;9029;9110;9237;9349;9443;9523;9564;9600;9626;9616;9584;9571;9585;9627;9647;9656;9668;
2969;2969;2949;2942;2968;3011;3028;3019;3035;3060;3044;3021;3013;2988;2971;2946;2906;2877;2875;2891;2899;2900;
9323;9311;9313;9339;9452;9532;9664;9778;9906;9977;10032;10033;
3276;3249;3198;3144;3113;3124;3132;3099;3086;3073;3044;3001;
9462;9459;9454;9457;9468;9505;9558;9604;9633;9646;9643;9646;9661;9699;9715;
2761;2767;2772;2785;2801;2826;2865;2926;2939;2959;2979;2998;3024;3024;3021;
9895;9872;9872;9909;9962;10019;10033;
3314;3238;3146;3099;3060;3040;3002;
9803;9779;9751;9740;9701;9661;9636;9606;9578;9583;9615;9642;9654;9662;9668;
3329;3283;3226;3144;3066;3041;2988;2959;2918;2883;2878;2885;2899;2900;2899;
8761;8741;8733;8742;8785;8841;8960;9072;9097;
2811;2830;2857;2872;2878;2859;2858;2892;2909;
9401;9383;9378;9369;9365;9346;9317;9248;9213;9178;9181;
2989;2984;2953;2936;2895;2891;2878;2866;2841;2794;2769;
8768;8753;8750;8767;8782;8784;8778;
2672;2664;2647;2624;2585;2539;2512;
8767;8753;8746;8756;8781;8807;8893;8939;
2671;2673;2691;2710;2718;2715;2707;2687;
8494;8508;8575;8602;8575;8582;8604;
2979;2920;2831;2728;2646;2605;2584;
7897;7886;7870;7875;7913;7971;8028;8106;8204;8269;8291;8301;8309;8312;8313;
2612;2624;2606;2577;2550;2511;2439;2410;2403;2416;2427;2437;2445;2456;2464;
7089;7073;7101;7174;7461;7548;
2942;2998;3073;3151;3339;3493;
6602;6645;6737;6804;6931;6994;7323;7339;7341;7434;7510;7516;
5340;5309;5272;5206;4942;4378;3529;3349;3202;3153;3203;3232;
7516;7535;7606;7693;7811;7891;
3230;3178;3061;3019;2963;2886;
7158;7225;7280;7376;7397;7457;7459;7493;7516;
4261;4263;4208;3875;3676;3448;3261;3207;3231;
6414;6496;6531;6585;6634;6654;6718;6787;6838;6887;6943;6969;6973;6981;7091;7134;7142;7135;7161;7198;7254;7353;7394;7488;7556;7637;7747;7826;7891;
5899;5856;5783;5696;5596;5531;5448;5314;5197;5096;4945;4820;4700;4543;4340;4277;4229;4170;4056;3878;3729;3506;3351;3269;3252;3171;3039;2977;2886;
11940;11901;11865;11750;11393;10995;10811;10490;10281;
4166;4215;4326;4446;4573;4980;5113;5284;5267;
12041;12001;11968;11945;11939;
4393;4368;4315;4231;4166;
10977;10962;10960;10998;11118;11241;11281;11256;11208;11188;
4384;4348;4294;4185;4092;3934;3817;3734;3727;3747;
9243;9158;9105;8997;8773;8519;8085;7736;7625;7195;7157;
6943;6877;6800;6594;6355;5936;5687;5397;5129;4495;4261;
7158;7185;7284;7482;7551;7639;7713;7873;8166;8346;8403;8405;
4261;4303;4377;4453;4509;4701;4842;4910;4965;4924;4820;4733;
6208;6261;6308;6395;6456;6476;6414;
6259;6272;6250;6199;6107;5972;5899;
5182;5245;5413;5510;5656;5761;5859;5955;6400;7005;7532;7826;8032;8088;8105;8106;8109;8117;
2548;2562;2583;2555;2466;2423;2317;2170;1658;1391;1449;1591;1679;1688;1668;1637;1625;1625;
13879;13895;13899;13933;13940;13845;13704;13653;13614;13509;13421;13389;13341;13323;
3820;3829;3868;3981;4187;4412;4597;4769;4868;4998;4992;4950;4916;4889;
9592;9587;9546;9439;9295;9182;9135;9109;9078;9017;8970;8896;8842;8848;8878;8865;8818;8729;8654;8546;8587;
6953;7000;7041;7067;7071;7029;6920;6769;6646;6516;6365;6111;6002;5801;5658;5448;5309;5211;5081;4839;4747;
5148;5161;5176;5191;5200;5190;5166;5112;5088;5132;5158;5123;5086;5060;5011;4999;5040;5013;4956;4940;4926;4918;4888;4878;4873;4865;4858;4857;4862;4859;4856;4849;4842;4832;4811;4795;4775;4749;4699;4598;4561;4569;4628;4632;4650;4658;4713;4731;4758;4826;
7478;7478;7485;7492;7532;7605;7651;7684;7723;7759;7831;7914;7956;8030;8063;8119;8203;8223;8213;8214;8224;8234;8242;8254;8279;8327;8340;8353;8372;8381;8388;8388;8384;8384;8385;8379;8376;8359;8318;8179;7975;7740;7500;7397;7265;7108;6969;6877;6842;6844;
4825;4797;4755;4737;4729;4693;4636;4592;4582;4526;4505;4559;
6843;6832;6817;6777;6736;6624;6473;6221;5970;5840;5728;5670;
4559;4549;4572;4632;4755;4810;4816;4851;4885;
5671;5721;5811;5903;5976;6054;6131;6213;6263;
4558;4502;4467;4414;4345;4299;4305;4327;4322;4310;4336;4416;
5670;5657;5610;5490;5417;5336;5261;5215;5157;5096;5037;5043;
3921;3944;3970;4066;4220;4353;4415;
5084;5081;5048;5022;5006;5026;5042;
3922;3940;3984;4055;4133;4222;4362;4462;
5084;5096;5111;5143;5278;5370;5468;5463;
3083;3133;3234;3551;4081;4556;4781;4885;
6381;6401;6377;6199;6096;6144;6199;6263;
5148;5167;5187;5218;5261;5276;5320;5349;5419;5567;5613;5600;5580;
7477;7476;7488;7498;7473;7426;7390;7323;7278;7219;7115;7031;6961;
5580;5625;5666;5718;5782;5807;5836;5786;5778;5775;5785;5811;5839;
6961;6988;7027;7025;6980;6914;6851;6800;6783;6770;6762;6736;6681;
8025;7974;7894;7835;7805;7815;7845;7844;7829;7830;7873;7923;7988;8044;8129;8238;8335;8430;8471;8529;8567;
2988;3005;2994;2957;2880;2818;2752;2664;2591;2531;2467;2384;2297;2210;2159;2114;2089;2029;2000;1942;1920;
7546;7522;7468;7370;7189;6932;6784;6559;5987;5300;5116;5055;
3494;3494;3517;3529;3577;3783;4086;4275;4376;4448;4460;4500;
4301;4281;4284;4280;4272;4285;4296;
3823;3785;3720;3641;3607;3575;3558;
4301;4243;4145;4070;3913;3912;
3823;3811;3820;3859;3882;3948;
3940;3948;3955;3973;4014;4065;4156;4217;4266;4273;4318;4375;4458;4702;4727;4742;4792;
3430;3431;3425;3423;3440;3459;3476;3511;3626;3712;3759;3754;3795;3942;4018;4069;4071;
4909;4925;4993;5102;5213;5261;5343;
4085;4133;4168;4164;4178;4251;4319;
4909;4891;4838;4747;4669;4646;4697;
4085;4125;4196;4266;4286;4327;4476;
4792;4761;4730;4716;4720;4760;4858;5042;5163;5435;5798;6399;6782;7145;7389;7699;8099;8240;
4072;4075;4058;4023;3992;3968;3960;3934;3875;3711;3543;3371;3148;3011;2775;2428;2334;2315;
8239;8216;8157;8065;7934;7629;7173;6636;5828;5636;5545;5492;5375;5223;5138;5051;4958;4919;4864;
2315;2318;2313;2296;2272;2198;2051;1956;2026;2058;2101;2148;2200;2186;2191;2239;2291;2336;2393;
5686;5663;5639;5569;5456;5407;5341;5233;5133;5052;4973;
2370;2373;2396;2467;2466;2399;2351;2259;2226;2248;2260;
5055;5048;5060;5112;5196;5239;5220;5204;5198;5153;5100;
4500;4476;4407;4350;4304;4241;4198;4150;4059;4040;4080;
5100;5041;5012;4990;4894;4781;4646;4506;4464;4369;4278;4180;4158;4197;4300;
4080;4065;4080;4108;4137;4146;4102;4028;3966;3930;3936;3928;3883;3831;3824;
4573;4575;4609;4740;4910;5010;5041;5041;5055;
4108;4140;4178;4231;4237;4318;4419;4482;4500;
4417;4408;4382;4337;4292;4312;4302;4314;4369;4467;4557;4616;4697;
3901;3919;3976;4020;4137;4303;4397;4474;4495;4492;4502;4447;4476;
4017;4051;4123;4337;4580;4692;4712;4718;4748;4743;4673;4558;4500;4486;4526;4643;4627;4625;4633;4629;4606;4593;4579;
4130;4122;4092;4067;4024;4016;3980;3901;3833;3746;3664;3586;3472;3372;3309;3216;3130;3116;3101;3078;3070;3075;3078;
4017;4092;4252;4322;4560;4799;5228;5339;5388;5581;5773;5766;
4130;4128;4177;4226;4295;4333;4408;4473;4485;4619;4697;4792;
4441;4446;4434;4377;4326;4206;4082;4040;3912;3806;3758;3719;3678;
4585;4610;4669;4713;4713;4648;4552;4459;4399;4364;4296;4262;4206;
3912;3877;3862;3890;3978;4000;3973;3954;3950;3940;
3947;3911;3823;3675;3536;3457;3426;3425;3429;3430;
3585;3621;3653;3685;3777;3859;3873;3916;3984;4116;4151;4179;4269;4416;
3965;3958;3967;4008;4028;3992;3933;3890;3876;3883;3917;3937;3943;3901;
3585;3623;3733;3840;3973;4190;4345;4427;4449;4446;4357;
3965;3934;3904;3861;3758;3769;3767;3733;3651;3507;3438;
4400;4415;4458;4541;4609;4682;4731;4857;4989;4988;4908;4857;
3281;3305;3324;3308;3269;3204;3109;2935;2783;2696;2672;2674;
4857;4898;5026;5152;5298;5597;6284;6978;7859;8036;8099;8113;8198;
2673;2666;2633;2659;2653;2580;2297;2186;2075;1979;1895;1823;1837;
4710;4708;4711;4725;4761;4832;5087;5475;5732;6340;7355;7706;7879;8062;8131;8181;8201;8214;
2777;2785;2794;2822;2856;2858;2795;2769;2694;2416;2263;2193;2134;2018;2005;2010;1998;1988;
4710;4708;4710;4717;4728;4734;4723;4720;4695;4663;4557;4357;
2777;2785;2791;2803;2821;2867;2924;3051;3144;3216;3294;3438;
3687;3695;3698;3705;3742;3824;3926;4018;4107;4120;4090;4017;
3447;3457;3468;3470;3473;3516;3607;3798;3899;3994;4074;4130;
3585;3596;3594;3615;3638;3643;3697;3784;3876;4017;4145;4226;4269;4291;4295;
3965;3935;3870;3783;3694;3603;3539;3499;3515;3530;3588;3590;3583;3568;3558;
4086;4117;4170;4270;4291;4292;4284;4316;4394;4426;
4225;4193;4184;4205;4249;4343;4444;4498;4515;4563;
4085;4104;4164;4268;4331;4330;4295;4285;
4224;4160;4074;3996;3950;3892;3883;3894;
7276;7207;7136;7032;6800;6617;6340;6080;5883;5776;5787;5807;
928;915;927;969;1097;1305;1432;1407;1251;1079;1028;1000;
4763;4766;4775;4802;4843;4889;5014;5113;5186;5426;5452;5411;5333;5233;5132;5074;4978;4943;4900;4863;
2745;2749;2751;2746;2749;2775;2752;2689;2601;2516;2430;2382;2330;2247;2217;2231;2272;2305;2357;2392;
6602;6677;6804;6877;6992;7171;7362;7452;7593;7661;7699;
5340;5334;5293;5229;5169;5116;4926;4739;4642;4621;4611;
7698;7685;7682;7729;7806;7919;8038;8111;8150;
4612;4638;4681;4729;4809;4860;4873;4844;4780;
7586;7583;7566;7540;7490;7443;7433;7452;7446;7431;7460;7527;7570;7652;7764;7803;7822;7893;
4431;4437;4438;4433;4404;4320;4217;4120;4000;3891;3802;3725;3614;3543;3456;3363;3290;3262;
7586;7585;7581;7579;7575;7575;7584;7621;7677;7730;7856;
4431;4437;4442;4449;4457;4470;4489;4559;4702;4752;4746;
7492;7446;7400;7306;7211;7158;
4273;4261;4258;4284;4280;4261;
8149;8145;8160;8225;8441;8574;8685;8766;8836;8949;9021;9052;
4780;4825;4924;5056;5363;5722;5950;6150;6243;6285;6280;6272;
4415;4398;4388;4412;4455;4490;4475;4441;
5041;5011;4961;4914;4871;4784;4677;4585;
5318;5306;5294;5302;5261;5188;5091;4993;4909;
4491;4469;4428;4359;4288;4229;4149;4140;4084;
5953;5949;5951;5966;5970;5932;5914;5880;5859;5796;5684;5588;5533;5483;5419;5385;5319;5297;5289;5300;5307;5299;5260;5195;5110;5055;
5116;5111;5101;5074;5031;5009;4960;4906;4828;4758;4706;4701;4685;4624;4576;4545;4533;4531;4522;4504;4490;4480;4473;4462;4468;4499;
5953;5950;5957;5974;6006;6058;6146;6175;6233;6329;6436;6474;6531;6617;6627;6602;
5116;5103;5091;5072;5065;5064;5082;5117;5139;5158;5175;5207;5249;5264;5305;5339;
6161;6163;6158;6139;6050;5988;5942;5902;5868;5814;5765;
5173;5149;5113;5091;5053;5016;4970;4894;4811;4764;4792;
6413;6447;6464;6477;6504;6583;6621;6650;6667;6659;6601;
5898;5867;5811;5764;5726;5615;5565;5504;5423;5353;5340;
4862;4865;4868;4862;4852;4836;4810;4794;4786;4782;4776;4765;4748;4739;4716;4690;4658;4635;4603;4593;4627;4643;4662;4672;4678;4681;4709;4752;
8278;8287;8312;8334;8346;8344;8333;8316;8313;8313;8309;8301;8289;8274;8260;8231;8200;8147;8026;7849;7687;7580;7457;7359;7251;7125;7075;7080;
4751;4736;4724;4732;4745;4752;4751;4755;4766;4790;4803;4818;4834;4829;4839;
7079;7060;6992;6926;6866;6785;6707;6639;6547;6459;6374;6249;6129;6047;5969;
2782;2763;2754;2767;2807;2819;2825;2834;2873;2927;2970;3019;3082;3107;3132;3188;3297;3381;3451;
3348;3348;3361;3393;3445;3488;3510;3525;3564;3608;3677;3741;3809;3921;4011;4095;4153;4184;4168;
3450;3448;3501;3575;3665;3744;3780;3815;3930;4006;4056;
4169;4202;4241;4261;4255;4262;4302;4351;4394;4392;4360;
687;699;731;824;943;1261;1481;1967;2257;2295;2312;2347;
3901;3901;3880;3875;3842;3719;3503;3207;3107;3038;2994;2969;
2346;2336;2333;2348;2388;2444;2509;2565;2598;2628;2676;2765;2821;2903;2997;3121;3187;
2969;2998;3030;3096;3183;3241;3263;3327;3415;3497;3617;3681;3772;3877;3917;3954;3913;
2346;2312;2259;2222;2201;2196;2195;2214;2186;2154;2116;2042;1977;1930;1928;1902;1849;1794;1666;1577;1423;1246;1055;892;853;780;719;626;497;321;280;262;350;585;
2969;2958;2934;2858;2806;2715;2595;2485;2346;2266;2217;2172;2071;1952;1909;1883;1877;1819;1708;1581;1499;1478;1500;1530;1562;1620;1697;1792;1889;1911;1887;1852;1769;1689;
2307;2307;2290;2255;2229;2214;2195;2209;2221;2211;2205;2212;2234;2299;2324;2352;2396;2459;2545;
2299;2307;2309;2297;2292;2302;2348;2407;2503;2564;2646;2788;2915;3000;3066;3154;3231;3233;3195;
2278;2248;2211;2116;1806;1555;1254;762;343;255;241;
2441;2429;2372;2334;2284;2147;2044;1988;1979;1938;1909;
2277;2255;2235;2222;2218;2219;2221;2246;2305;2347;
2441;2461;2504;2568;2637;2714;2803;2903;2951;2968;
2544;2516;2517;2561;2611;2641;2702;2768;2823;2911;3000;3013;2984;2950;2932;2934;2941;
3195;3244;3298;3387;3499;3600;3662;3719;3827;3907;3854;3769;3733;3730;3738;3762;3768;
3922;3933;3936;3921;3882;3848;3817;3757;3583;3458;3417;3450;
5083;5075;5057;5044;5033;4995;4934;4714;4477;4388;4244;4169;
4594;4601;4608;4625;4710;4797;4996;5161;
3002;3001;3006;3020;3031;3049;3157;3285;
8997;8973;8926;8891;8860;8812;8751;8698;8708;8730;8782;8815;
5717;5690;5637;5504;5373;5280;5222;5118;5020;4946;4887;4845;
9242;9154;9060;8981;8771;8333;8198;8080;7917;7729;7578;7381;6828;6601;
6942;6881;6807;6686;6505;6193;5973;5866;5815;5715;5460;5356;5305;5340;
9815;9896;10004;10250;10316;10350;10422;10441;10471;10572;10662;10707;10779;10836;10795;
6772;6783;6744;6538;6356;6234;6103;5991;5891;5838;5733;5658;5654;5758;5843;
17038;17062;17097;17092;17058;17016;16902;16736;16624;16574;16552;16490;16380;16252;16200;16086;15927;15881;15841;15810;15778;15774;15777;15769;15762;
6003;6021;6005;5980;5962;5920;5899;5985;5968;5871;5755;5676;5628;5558;5438;5381;5303;5260;5261;5281;5276;5259;5241;5235;5243;
15752;15830;15939;16016;16133;16308;16380;16452;
6952;6970;6906;6786;6659;6565;6432;6240;
3735;3761;3837;3918;4079;4156;4311;4346;4381;4426;4443;4433;4409;4427;4513;4536;4487;4450;4485;4468;4482;4546;4685;4808;4881;4976;5133;5238;5290;5366;5400;5491;5631;5657;5718;5788;5774;5718;5604;5510;5261;5101;4953;4895;
1541;1521;1523;1603;1679;1759;1799;1885;1963;1989;1964;1908;1863;1827;1771;1677;1608;1516;1458;1383;1232;1173;1153;1203;1266;1332;1372;1380;1430;1598;1706;1779;1906;2046;2179;2265;2385;2425;2471;2524;2595;2626;2609;2591;
5498;5530;5549;5510;5472;5379;5289;5291;5359;5475;5597;5627;5575;5521;5472;
8157;8149;8081;7976;7802;7674;7533;7451;7358;7289;7211;7060;6982;6946;6940;
14460;14436;14421;14393;14383;14339;14291;14182;14036;13958;13925;13861;13673;13641;13546;13551;13567;13570;13633;13736;
4521;4504;4499;4503;4520;4531;4558;4580;4563;4577;4637;4739;4853;4874;5035;5104;5155;5204;5317;5365;
11188;11201;11226;11285;11380;11465;11543;11667;11872;12037;12235;
3746;3737;3738;3767;3865;3994;4218;4379;4501;4581;4596;
10776;10786;10819;10843;10822;10785;10771;
2764;2751;2755;2788;2813;2858;2961;
10771;10785;10830;10863;10896;10896;10820;10814;10838;
2960;2942;2924;2890;2831;2773;2638;2578;2563;
10660;10686;10715;10722;10783;10834;10853;10824;10771;
2444;2488;2534;2618;2697;2738;2799;2852;2960;
10775;10771;10784;10784;10774;10796;10858;10873;10870;
2764;2709;2656;2574;2501;2437;2405;2363;2341;
10837;10773;10737;10660;
2563;2545;2499;2444;
4303;4301;4319;4316;4254;4208;4194;4175;4160;4127;4094;4072;4053;4030;
2630;2612;2575;2518;2472;2459;2460;2462;2474;2492;2482;2485;2513;2538;
4049;4063;4061;4074;4111;4146;4167;4189;4202;4231;4230;4229;4222;4219;4216;4211;4207;4201;4195;4190;4182;4144;4074;4019;3995;3970;
2704;2682;2609;2557;2477;2455;2457;2461;2459;2461;2453;2448;2441;2431;2428;2420;2419;2420;2418;2410;2391;2366;2342;2309;2307;2301;
4269;4266;4265;4270;4282;4316;4357;4453;4472;4469;4467;4466;4465;4464;4465;4467;4469;4488;4567;4588;
2677;2682;2693;2708;2721;2721;2693;2656;2639;2632;2630;2627;2626;2623;2620;2613;2602;2594;2588;2558;
9844;9873;9892;9914;9980;10067;10173;10224;10302;10374;
2365;2376;2412;2485;2540;2537;2549;2585;2658;2660;
10053;9962;9826;9683;9503;9414;9351;9280;9114;9029;8949;8858;8772;8718;8685;8655;8604;8590;8605;
3229;3190;3163;3153;3131;3097;3050;3036;3040;3024;2967;2922;2907;2867;2801;2716;2663;2608;2584;
8314;8320;8349;8388;8428;8502;8560;8617;8683;8784;8845;
3049;3020;2984;2919;2893;2862;2817;2743;2660;2597;2560;
8197;8182;8143;8107;8105;8117;
1836;1822;1810;1799;1778;1772;
10196;10157;10112;10113;10149;10227;10328;10380;10375;10273;10115;9974;9858;9686;9519;9424;9327;9268;9224;9219;9221;9225;9233;
944;929;894;860;820;797;750;683;576;501;390;343;264;189;183;209;254;284;348;381;408;416;422;
5160;5229;5382;5572;5905;6063;6302;6705;6927;7043;7352;7649;7906;8064;8138;8143;
3285;3228;3197;3214;3198;3115;3021;2948;2875;2730;2494;2376;2200;2140;2112;2081;
5317;5325;5343;5368;5426;5431;5410;5359;5330;5321;5318;5334;5344;5356;5332;5301;5272;5258;5220;5211;5222;5246;5265;5275;5261;5226;5194;5140;5084;5040;5021;4977;4931;4881;
4490;4462;4433;4416;4392;4365;4343;4345;4340;4320;4279;4264;4230;4192;4172;4187;4187;4164;4148;4127;4115;4118;4123;4107;4073;4069;4089;4111;4119;4126;4094;4033;3996;4010;
8243;8270;8341;8461;8585;8677;8786;
1517;1553;1563;1588;1695;1754;1803;
9392;9351;9256;9203;9186;
1170;1150;1160;1146;1128;
9376;9366;9350;9339;9336;9344;9354;9356;9354;9333;9310;9315;
1541;1531;1523;1508;1480;1450;1406;1377;1343;1321;1284;1251;
8237;8207;8170;8117;8064;8056;8043;8057;8093;8111;8097;8097;8114;8144;8148;
2171;2173;2174;2146;2121;2080;2041;1978;1929;1876;1826;1778;1755;1738;1725;
8200;8195;8204;8218;8234;8237;8222;8211;8193;8175;8146;8119;8109;8114;8129;
2585;2575;2561;2557;2549;2525;2489;2441;2368;2329;2294;2279;2251;2239;2230;
8010;8008;8016;8029;8043;8066;8090;8150;8203;8251;8289;8319;8338;8360;8375;8399;8439;8469;8494;8512;8517;8528;8540;8536;
3158;3141;3112;3076;3051;3045;3039;3027;3019;3010;2993;2972;2928;2886;2853;2825;2806;2778;2744;2696;2655;2626;2608;2573;
8786;8787;8794;8806;8824;8836;8844;8851;8872;8916;8939;
2848;2853;2860;2861;2856;2840;2805;2763;2739;2719;2686;
8870;8871;8865;8855;8853;8857;8882;8904;8909;8944;8986;9018;9050;9107;9124;9141;9194;9242;9271;9284;9335;9387;9433;9458;9479;9499;9528;9546;9569;9581;
3112;3119;3128;3139;3148;3156;3161;3180;3198;3211;3209;3201;3205;3225;3247;3271;3287;3292;3258;3225;3195;3181;3165;3138;3088;3046;3024;3010;2997;2987;
10251;10234;10216;10206;10178;10151;10116;10096;10072;10025;9989;9961;9938;9933;
3859;3849;3809;3760;3737;3714;3649;3588;3558;3536;3515;3477;3433;3402;
9570;9578;9603;9628;9645;9662;9689;9778;9906;10027;10067;10088;
3086;3081;3079;3083;3102;3134;3145;3151;3166;3150;3145;3145;
9706;9718;9718;9729;9778;9852;9919;10003;10067;10154;10229;10280;
2593;2610;2631;2654;2665;2655;2627;2608;2605;2597;2595;2567;
8603;8598;8594;8594;8597;8602;8608;8608;8600;8601;8616;8638;8643;8655;8688;8733;8744;8746;8745;8743;
1930;1928;1927;1924;1919;1910;1903;1894;1874;1858;1847;1839;1830;1821;1809;1804;1809;1819;1832;1839;
9250;9256;9263;9268;9268;9253;9220;9180;9145;9130;9097;9041;9024;9004;
1745;1748;1746;1741;1728;1718;1715;1723;1736;1750;1766;1770;1757;1754;
9814;9824;9844;9854;9859;9867;9886;9912;9937;9944;
1175;1171;1171;1179;1194;1209;1214;1212;1212;1221;
10025;10029;10035;10048;10070;10082;10086;10080;10074;10090;10095;10082;
1032;1035;1042;1048;1057;1072;1084;1098;1121;1140;1163;1190;
10238;10237;10231;10223;10209;10199;10191;10194;10204;10207;10204;10192;10183;10185;10188;10191;
1438;1431;1421;1416;1417;1416;1408;1402;1397;1386;1373;1359;1345;1341;1340;1339;
11971;11968;11960;11956;11956;11952;11949;11964;11977;12000;12044;12075;12090;12106;12124;12145;12159;12168;12183;12190;
2485;2480;2478;2472;2459;2448;2420;2398;2369;2359;2356;2360;2364;2365;2362;2366;2372;2368;2368;2377;
13681;13684;13683;13672;13658;13649;13639;13624;13611;13570;13529;13500;13482;13464;13452;
1644;1654;1674;1694;1728;1761;1807;1837;1871;1894;1913;1944;1967;1973;1964;
15084;15079;15063;15051;14995;14926;14849;14806;14746;14689;14648;
2928;2932;2931;2919;2901;2904;2932;2971;3002;3028;3035;
14267;14279;14293;14297;14295;14262;14240;14217;14233;14267;14318;14339;14328;14270;14237;
3319;3319;3318;3304;3252;3212;3168;3107;3059;3027;3005;2973;2954;2936;2939;
4409;4413;4416;4414;4433;4488;4578;4681;4714;4706;4671;4639;4611;4610;4595;4562;4547;4557;4570;4577;
3678;3688;3719;3789;3813;3842;3886;3951;3983;4017;4044;4094;4193;4281;4394;4441;4527;4595;4621;4625;
687;693;696;713;769;826;855;832;813;
3900;3924;3969;4011;4041;4031;3990;3971;3974;
687;686;674;651;636;606;
3901;3912;3917;3911;3888;3870;
15619;15629;15649;15667;15699;15734;15796;15808;
5503;5510;5519;5536;5563;5569;5596;5626;
11925;11890;11856;11844;11861;11896;11945;11980;11997;11995;11972;11987;12018;
4838;4850;4837;4794;4739;4706;4688;4643;4573;4489;4415;4372;4347;
10976;10964;10940;10925;10940;10954;10945;
4384;4370;4353;4321;4276;4226;4175;
10859;10888;10907;10936;10977;11037;
3655;3654;3671;3677;3666;3661;
10859;10864;10868;10856;10835;10814;
3654;3647;3621;3610;3605;3604;
10683;10689;10699;10719;10738;10838;10891;10955;11037;
3432;3430;3437;3472;3503;3553;3590;3614;3660;
9441;9441;9429;9399;9328;9266;9223;9172;9151;9136;9135;
1422;1436;1455;1463;1442;1420;1407;1391;1385;1387;1389;
4461;4459;4466;4498;4514;4558;
5463;5480;5515;5579;5646;5670;
6040;6045;6053;6059;6058;6049;6000;5975;5974;5960;5922;5893;5858;5807;5783;5777;5777;5775;5779;5788;5801;5812;5816;5827;5827;5822;5818;5820;
6299;6303;6308;6311;6319;6333;6381;6432;6512;6585;6646;6712;6757;6801;6792;6785;6778;6772;6767;6755;6740;6730;6722;6693;6681;6677;6667;6662;
8958;8969;8987;9019;9028;9064;9106;9134;9141;9143;
2533;2533;2542;2567;2590;2602;2590;2576;2574;2569;
8330;8347;8370;8424;8451;8497;8508;8515;8530;8536;
2833;2820;2794;2773;2746;2702;2675;2642;2612;2572;
8069;8073;8096;8130;8226;8247;
2568;2561;2555;2556;2565;2584;
7922;7915;7901;7887;7869;7882;7893;7925;7967;7969;7965;
2726;2738;2776;2799;2860;2908;2978;3011;3018;2993;2986;
9039;9057;9074;9101;9129;9113;9104;
1798;1785;1759;1728;1696;1639;1606;
8201;8206;8237;8242;8261;8280;
1348;1322;1306;1254;1230;1229;